0.0029969242772481734	0.008226795469600362	0.01834946387011076	0.033445710655155225	0.04679484265627452	0.05841125759999251	0.07050634074926085	0.08503611267096418	0.10626925668365522	0.14275569832317192	0.2021492355202939	0.29392631761954513	0.4232944819492525	0.5929122063555925	0.7643150182340366	0.879772066852122	0.9360727095994703	0.9561748879565785	0.9638049481566969	0.9693636223817187	0.9752639723914405	0.9794699236596861	0.982741320327864	0.9859941432451436
0.005229871192352185	0.015352539592862587	0.03044878637790704	0.043797918379026315	0.055414333322744334	0.06750941647201265	0.08203918839371604	0.10327233240640708	0.13975877404592385	0.19915231124304592	0.29092939334229695	0.42029755767200444	0.5899152820783444	0.7613180939567884	0.8767751425748741	0.9330757853222225	0.9531779636793303	0.9608080238794486	0.9663666981044711	0.9722670481141925	0.9764729993824378	0.9797443960506159	0.9829972189678952
0.010122668400510399	0.02521891518555487	0.03856804718667413	0.05018446213039214	0.06227954527966049	0.07680931720136383	0.0980424612140549	0.13452890285357164	0.19392244005069362	0.28569952214994476	0.4150676864796524	0.5846854108859922	0.7560882227644361	0.8715452713825214	0.9278459141298702	0.9479480924869779	0.9555781526870967	0.9611368269121182	0.9670371769218409	0.9712431281900856	0.9745145248582636	0.977767347775543
0.015096246785044464	0.028445378786163725	0.040061793729881744	0.052156876879150035	0.06668664880085345	0.08791979281354449	0.12440623445306116	0.1837997716501833	0.2755768537494345	0.40494501807914185	0.5745627424854817	0.7459655543639261	0.8614226029820118	0.9177232457293596	0.9378254240864674	0.9454554842865858	0.951014158511608	0.95691450852133	0.9611204597895753	0.9643918564577535	0.9676446793750328
0.01334911357263006	0.024965528516348062	0.0370606116656164	0.05159038358731978	0.07282352760001079	0.10930996923952757	0.16870350643664958	0.2604805885359007	0.38984875286560833	0.5594664772719481	0.7308692891503918	0.8463263377684777	0.902626980515826	0.9227291588729333	0.930359219073052	0.9359178932980746	0.9418182433077958	0.9460241945760411	0.9492955912442189	0.9525484141614987
0.011616414943718014	0.02371149809298634	0.038241270014689736	0.05947441402738073	0.09596085566689747	0.15535439286401956	0.24713147496327068	0.3764996392929781	0.5461173636993182	0.717520175577762	0.8329772241958477	0.889277866943196	0.9093800453003035	0.9170101055004222	0.9225687797254445	0.9284691297351662	0.9326750810034112	0.935946477671589	0.9391993005888684
0.012095005991775846	0.026624777913479242	0.047857921926170235	0.08434436356568698	0.1437379007628091	0.2355149828620602	0.36488314719176773	0.5345008715981076	0.7059036834765515	0.8213607320946373	0.8776613748419854	0.897763553199093	0.9053936133992118	0.9109522876242337	0.9168526376339559	0.921058588902201	0.9243299855703789	0.9275828084876584
0.014529771921703388	0.035762915934394394	0.07224935757391117	0.13164289477103322	0.22341997687028434	0.35278814119999186	0.5224058656063316	0.6938086774847756	0.8092657261028612	0.8655663688502094	0.8856685472073171	0.8932986074074362	0.8988572816324584	0.90475763164218	0.9089635829104256	0.9122349795786031	0.915487802495883
0.02123312558420179	0.05771956722371857	0.1171131044208406	0.2088901865200917	0.33825835084979927	0.5078760752561391	0.6792788871345832	0.7947359357526689	0.8510365785000169	0.8711387568571245	0.8787688170572434	0.8843274912822655	0.8902278412919871	0.8944337925602325	0.8977051892284107	0.9009580121456903
0.036486400959192596	0.09587993815631467	0.18765702025556583	0.31702518458527335	0.48664290899161305	0.6580457208700573	0.773502769488143	0.8298034122354907	0.8499055905925986	0.8575356507927175	0.8630943250177395	0.8689946750274611	0.8732006262957066	0.8764720229638848	0.8797248458811642
0.05939347232495308	0.15117055442420418	0.2805387187539118	0.45015644316025144	0.6215592550386955	0.7370163036567811	0.7933169464041292	0.813419124761237	0.8210491849613555	0.8266078591863778	0.8325082091960997	0.8367141604643452	0.8399855571325232	0.8432383800498027
0.09177696765800807	0.22114513198771543	0.3907628563940556	0.5621656682724994	0.6776227168905852	0.733923359637933	0.7540255379950408	0.7616555981951594	0.7672142724201819	0.7731146224299037	0.7773205736981487	0.7805919703663269	0.7838447932836061
0.12936810904423984	0.2989858334505798	0.4703886453290236	0.5858456939471093	0.6421463366944575	0.6622485150515651	0.6698785752516838	0.6754372494767062	0.6813375994864278	0.6855435507546731	0.6888149474228509	0.6920677703401307
0.16961744835181666	0.3410202602302606	0.45647730884834603	0.5127779515956943	0.5328801299528022	0.5405101901529203	0.5460688643779429	0.5519692143876649	0.5561751656559102	0.5594465623240881	0.5626993852413675
0.17140247226798988	0.2868595208860754	0.3431601636334235	0.3632623419905313	0.37089240219064984	0.3764510764156721	0.38235142642539394	0.38655737769363924	0.3898287743618172	0.3930815972790967
0.11545680892202236	0.17175745166937056	0.1918596300264784	0.19948969022659702	0.2050483644516192	0.21094871446134103	0.21515466572958636	0.21842606239776424	0.2216788853150438
0.056300439908263486	0.07640261826537123	0.08403267846548988	0.08959135269051209	0.09549170270023392	0.09969765396847916	0.10296905063665712	0.10622187355393663
0.020102141315372486	0.02773220151549113	0.03329087574051335	0.03919122575023516	0.043397177018480414	0.04666857368665839	0.049921396603937886
0.007630023343140234	0.013188697568162449	0.019089047577884283	0.023294998846129525	0.026566395514307502	0.029819218431586993
0.005558674225022215	0.011459024234744056	0.015664975502989287	0.018936372171167268	0.02218919508844676
0.005900350009721834	0.010106301277967073	0.013377697946145047	0.016630520863424536
0.004205903973074945	0.007477300641252922	0.010730123558532407
0.003271396668177977	0.006524219585457464
0.0032528229172794866
